164
71
219
164
130
118
206
60
123
65
206
40
219
197
194
223
23
100
200
240
138
60
92
236
203
89
46
0
112
176
61
234
129
70
211
239
134
101
133
41
123
80
193
40
216
196
150
151
26
114
155
227
142
62
73
247
220
10
118
79
54
180
43
237
200
89
193
170
148
102
135
49
116
81
139
40
249
208
146
195
17
101
155
191
203
36
77
137
205
66
109
85
113
189
44
168
200
124
220
170
137
62
206
9
114
91
133
108
211
213
194
195
22
118
156
179
156
35
90
231
153
90
109
80
54
188
54
242
135
8
217
182
199
122
139
63
126
29
133
64
223
145
145
212
31
121
134
246
143
108
92
235
220
67
112
0
112
180
59
227
155
4
148
187
134
121
135
48
125
2
204
102
154
212
131
212
22
29
141
235
155
62
77
240
202
67
109
78
58
245
50
243
140
79
221
161
128
50
154
54
127
79
139
40
245
223
135
151
28
120
145
180
152
108
77
250
220
89
46
0
112
185
57
244
141
76
148
184
142
102
134
126
114
67
209
122
223
213
206
151
13
99
135
227
155
41
76
163
209
67
111
0
117
186
52
226
198
8
252
170
199
126
129
49
113
71
193
40
201
222
232
214
16
112
154
234
199
108
124
235
214
71
99
83
54
162
55
243
132
76
218
232
147
50
134
63
108
71
133
106
223
212
140
151
13
98
154
227
153
37
91
230
221
10
107
70
54
161
48
227
200
67
221
171
199
113
143
51
127
2
196
124
154
217
139
218
94
96
129
231
131
108
73
163
210
68
107
70
115
251
120
206
141
8
220
174
131
50
140
50
123
65
206
40
210
208
139
197
82
29
137
253
143
108
95
235
220
68
34
84
126
176
33
166
133
73
208
170
199
119
151
59
58
65
202
102
206
208
129
195
82
55
156
251
142
108
74
236
192
10
113
72
121
186
51
166
128
65
199
239
143
119
143
58
58
67
203
108
154
197
151
197
16
114
140
179
138
59
73
250
149
10
117
65
122
190
49
232
143
8
192
160
144
115
156
58
58
67
133
111
200
212
131
196
7
29
129
225
132
34
8
243
214
70
103
0
97
188
44
238
200
73
148
184
136
125
138
59
116
2
199
109
212
210
138
151
16
114
144
231
203
56
71
163
208
94
44
0
87
245
53
243
132
92
221
172
136
126
129
44
127
70
133
110
214
208
133
151
22
98
134
244
203
32
65
238
201
70
123
0
119
161
120
242
128
77
148
187
136
98
206
49
124
2
209
96
223
145
146
216
18
114
196
179
133
35
34
244
208
68
102
0
98
186
120
244
141
94
209
174
139
50
135
42
105
2
213
105
206
197
135
197
16
57
226
192
131
45
67
230
215
6
34
116
126
186
53
231
155
8
199
187
134
96
139
58
58
67
209
40
206
217
135
151
28
120
145
180
152
108
74
226
218
65
34
85
120
161
49
234
200
64
209
239
147
103
156
48
127
70
133
105
212
213
194
195
17
120
131
179
138
108
91
230
216
94
44
0
66
189
55
235
137
91
148
190
146
123
141
53
118
91
133
100
213
222
137
210
26
29
137
228
138
53
6
137
234
95
102
68
115
187
52
255
200
92
220
170
199
126
139
63
126
71
215
40
213
215
194
195
22
114
200
244
153
35
93
243
153
7
34
80
115
167
48
231
152
91
148
167
130
50
153
63
105
2
214
109
204
212
140
195
27
114
134
179
198
108
92
236
214
65
34
65
54
166
44
227
152
8
210
160
149
101
143
44
126
12
133
64
223
145
149
216
12
114
226
253
132
62
69
226
213
10
97
76
121
161
48
227
155
18
148
173
139
115
141
53
58
118
136
123
210
216
144
195
82
55
130
246
138
34
91
175
153
94
103
78
120
188
43
166
155
64
219
170
148
62
206
63
58
70
204
111
211
197
131
219
94
96
137
231
136
36
6
163
255
69
112
0
101
186
53
227
200
90
209
174
148
125
128
126
110
74
192
40
217
221
141
195
22
126
134
244
203
36
77
241
220
32
113
85
100
165
42
239
155
77
208
239
179
122
129
51
123
81
158
40
211
197
194
196
27
114
133
246
143
108
68
234
210
79
34
69
96
176
42
255
135
70
209
239
148
122
129
43
118
70
133
106
223
145
149
210
31
101
129
253
140
108
91
236
212
79
118
72
127
187
63
166
133
71
198
170
199
127
139
48
123
65
204
102
221
145
207
151
18
126
131
246
225
60
90
234
202
69
108
0
113
180
42
228
198
8
224
167
130
50
138
63
104
73
136
123
209
216
140
217
27
115
200
241
132
53
8
235
216
78
34
83
126
186
42
242
197
75
198
160
151
98
139
58
58
74
196
97
200
157
194
223
23
100
200
245
138
47
77
163
218
70
103
65
120
245
43
238
137
94
209
161
201
50
172
43
110
2
202
124
210
212
144
151
10
127
137
253
203
56
64
230
179
90
103
82
123
180
54
227
134
92
148
188
132
125
153
50
54
2
209
96
223
195
135
151
9
118
155
179
133
35
92
235
208
68
101
0
101
182
57
244
145
8
213
173
136
103
154
126
114
75
200
40
219
197
194
214
18
123
198
153
201
5
92
164
202
10
99
0
122
186
54
225
200
91
192
160
149
107
194
126
105
74
196
102
209
157
192
151
10
127
141
179
137
35
81
163
202
75
107
68
56
245
122
214
129
77
215
170
199
112
151
126
106
75
192
107
223
157
194
206
17
98
207
255
135
108
68
230
216
88
108
0
59
245
17
161
132
68
148
173
130
50
154
63
113
75
203
47
154
200
141
194
94
120
134
179
159
36
77
137
237
69
119
82
54
161
55
235
135
90
198
160
144
60
206
10
115
78
201
40
206
217
135
217
94
57
198
189
203
38
93
240
205
10
102
79
120
242
44
166
138
90
209
174
140
50
143
48
99
86
205
97
212
214
204
149
94
95
141
179
131
41
68
231
153
75
34
72
119
187
60
166
135
93
192
225
199
48
160
63
119
71
130
123
154
240
142
213
7
57
202
179
163
41
34
244
216
67
118
69
114
249
120
229
132
77
213
189
139
107
206
41
123
76
209
97
212
214
194
195
17
55
155
251
138
39
77
163
209
75
108
68
101
251
82
210
128
71
217
174
148
50
156
59
124
87
214
109
222
159
194
228
17
122
141
179
130
34
91
247
208
68
97
84
54
161
55
233
131
8
219
185
130
96
206
54
115
81
133
105
217
197
139
216
16
100
200
242
133
40
8
244
208
94
106
79
99
161
120
245
137
81
221
161
128
50
143
48
99
86
205
97
212
214
194
223
27
55
156
230
153
34
77
231
153
75
117
65
111
223
62
244
135
69
148
142
139
112
151
126
123
76
193
40
205
208
142
220
27
115
200
231
132
108
73
163
215
79
99
82
116
172
120
242
154
77
209
227
199
101
134
59
104
71
133
96
223
145
146
219
17
103
152
246
143
108
76
236
206
68
34
84
121
245
43
239
156
8
195
166
147
122
206
54
115
81
133
106
219
210
137
151
31
112
137
250
133
63
92
163
205
66
103
42
100
186
45
225
128
8
214
174
149
121
192
126
74
67
203
97
217
145
145
192
27
123
132
246
143
108
65
237
202
67
102
69
54
189
49
235
200
71
218
172
130
50
143
57
123
75
203
36
154
208
142
218
17
100
156
179
159
35
71
163
212
95
97
72
54
161
55
166
138
77
213
189
201
50
172
43
110
2
205
109
154
197
141
216
21
55
137
179
143
41
77
243
179
72
112
69
119
161
48
166
137
70
208
239
129
125
156
61
127
70
133
96
211
220
145
210
18
113
200
231
132
108
92
241
192
10
118
79
54
180
59
229
141
88
192
239
147
122
139
126
105
75
209
125
219
197
139
216
16
57
200
217
158
63
92
163
222
69
34
87
127
161
48
166
129
92
152
239
143
119
206
42
114
77
208
111
210
197
204
151
39
120
157
179
156
35
70
164
205
10
100
73
113
160
42
227
226
71
193
187
199
115
128
39
110
74
204
102
221
145
139
209
94
110
135
230
203
43
65
245
220
10
107
78
54
161
55
166
142
77
213
189
201
24
204
10
114
71
203
40
206
212
142
219
94
122
141
191
201
108
124
235
214
71
99
83
54
182
57
234
132
77
208
239
136
103
154
114
58
81
209
122
207
214
133
219
23
121
143
179
159
35
8
232
220
79
114
0
126
188
43
166
158
71
221
172
130
50
139
40
127
76
139
40
152
229
135
219
18
55
133
246
203
56
64
230
153
70
109
78
113
245
43
242
135
90
205
225
197
24
175
50
120
91
133
111
214
208
140
212
27
115
200
242
159
108
92
235
220
10
100
82
127
176
54
226
155
8
215
163
136
97
139
45
110
2
209
103
154
217
139
218
82
55
154
252
135
32
65
237
222
10
106
73
101
245
61
255
141
91
152
239
134
124
138
126
78
74
202
101
219
194
194
196
10
98
140
250
142
40
8
247
209
79
34
67
100
186
47
226
200
73
211
174
142
124
192
84
82
75
214
40
213
195
139
208
23
121
137
255
203
41
91
247
208
71
99
84
115
245
48
231
140
8
214
170
130
124
206
61
118
77
214
109
154
156
194
195
22
114
154
246
203
59
77
241
220
10
114
82
121
183
57
228
132
81
148
169
142
116
154
39
58
86
202
40
201
216
154
195
7
55
135
245
203
56
64
230
212
6
34
82
119
187
63
239
134
79
148
169
149
125
131
84
120
77
220
123
154
216
140
151
10
127
141
250
153
108
69
234
221
94
103
69
120
166
120
242
135
8
205
160
146
124
137
126
123
70
208
100
206
194
194
219
23
124
141
179
170
32
74
250
149
10
117
72
121
245
43
227
141
69
209
171
199
102
129
126
120
71
133
103
212
212
194
216
24
55
156
251
142
108
71
239
221
79
113
84
56
245
25
242
200
92
220
174
147
24
131
49
119
71
203
124
150
145
182
223
17
122
137
224
203
62
77
226
213
67
120
69
114
245
47
239
156
64
148
174
199
97
135
61
113
71
203
97
212
214
194
219
11
101
139
251
203
56
64
226
205
10
106
69
54
189
57
226
200
70
219
239
142
118
139
63
58
74
202
127
154
222
142
211
94
127
141
179
156
45
91
173
153
98
107
83
54
189
61
231
154
92
148
188
134
124
133
84
123
86
133
124
210
212
194
195
22
120
157
244
131
56
8
174
153
66
103
0
97
180
43
166
155
71
148
163
136
97
154
126
114
71
133
108
211
213
140
144
10
55
141
229
142
34
8
232
215
69
117
0
126
188
43
166
135
95
218
239
134
117
139
112
58
97
241
78
193
255
141
195
83
92
141
234
198
30
77
246
202
79
102
13
84
160
44
171
217
92
199
226
147
122
221
115
105
22
200
109
199
187
192
228
27
101
129
252
158
63
68
250
149
8
34
72
115
245
43
231
129
76
152
239
128
123
152
55
116
69
133
125
202
145
141
217
94
99
128
246
203
63
64
236
206
10
109
70
54
182
55
243
154
73
211
170
201
50
204
9
114
71
215
109
154
208
143
151
55
40
202
153
170
32
74
250
153
93
99
76
125
176
60
166
135
94
209
189
199
102
129
126
114
75
200
40
219
223
134
151
13
118
156
179
143
35
95
237
153
73
112
79
101
166
117
234
141
79
211
170
131
41
206
42
114
71
133
107
200
222
149
211
94
120
142
179
137
35
81
240
153
76
109
76
122
186
47
227
140
8
213
161
131
50
158
63
121
73
192
108
154
216
140
189
28
114
128
250
133
40
6
163
241
79
99
68
101
245
40
233
152
88
209
171
199
103
158
126
114
71
215
109
154
208
140
211
94
99
128
246
153
41
4
163
210
67
102
83
54
185
61
231
134
65
218
168
199
123
128
126
127
84
192
122
195
145
134
222
12
114
139
231
130
35
70
163
205
69
34
71
115
161
120
231
200
74
209
187
147
119
156
126
118
77
202
99
148
187
192
254
24
55
145
252
158
108
73
234
215
13
118
0
101
182
57
244
141
76
152
237
199
83
130
60
99
2
214
105
211
213
206
151
92
110
135
230
203
45
65
237
158
94
34
72
99
184
57
232
198
8
245
172
147
50
143
48
99
2
193
97
220
215
135
197
27
121
156
179
138
34
76
163
240
13
102
0
98
189
42
233
159
8
205
160
146
50
129
56
124
2
209
96
223
145
161
219
23
113
142
153
137
41
75
226
204
89
103
0
127
161
127
226
200
69
209
174
137
50
151
49
111
5
215
109
154
208
194
199
13
110
139
251
132
98
10
137
155
126
106
69
54
150
52
239
142
78
139
237
199
70
134
49
119
67
214
40
219
194
137
210
26
59
200
241
135
35
71
231
153
78
112
65
127
187
49
232
143
8
210
189
136
127
206
54
115
81
133
110
219
210
135
153
116
53
187
251
158
47
67
163
208
94
46
2
54
148
52
228
145
8
199
174
142
118
194
126
104
87
199
106
211
223
133
151
22
126
155
179
142
53
77
240
151
10
32
97
127
187
127
242
200
70
219
239
144
115
151
126
110
77
133
123
206
208
144
195
94
99
128
246
152
41
8
224
214
68
116
69
100
166
57
242
129
71
218
188
203
50
151
49
111
2
194
109
206
145
143
210
65
29
191
246
203
40
71
237
158
94
34
75
127
185
52
166
155
64
213
161
140
97
206
50
115
73
192
40
195
222
151
151
22
114
154
246
199
108
97
163
201
88
109
77
127
166
61
168
200
98
193
188
147
50
154
44
99
2
196
102
222
145
131
193
17
126
140
179
137
41
65
237
222
10
105
73
122
185
61
226
196
8
199
186
149
100
135
40
127
14
133
127
210
208
150
210
8
114
154
189
201
70
96
230
153
90
99
85
101
176
60
170
200
73
218
171
199
70
134
49
119
67
214
40
200
212
131
219
23
109
141
247
203
36
65
240
153
76
99
67
115
245
53
243
155
92
147
185
130
50
153
54
115
86
192
102
223
213
194
210
8
114
134
179
134
35
90
230
153
93
106
69
120
245
48
227
200
64
209
174
149
118
206
42
114
67
209
40
214
208
145
195
116
103
137
225
159
98
34
161
244
75
108
12
52
245
25
234
138
81
148
188
134
123
138
114
58
86
205
109
212
145
144
214
16
55
128
250
152
108
64
226
215
78
113
0
121
163
61
244
200
64
221
188
199
97
134
49
104
86
133
96
219
216
144
151
31
100
200
251
142
108
68
230
205
10
109
85
98
245
57
166
132
71
218
168
199
97
135
57
114
12
133
42
243
145
131
222
16
48
156
179
140
35
71
231
153
75
118
42
98
189
49
245
200
5
148
182
136
103
201
44
127
2
209
96
223
145
132
222
12
100
156
179
172
62
77
230
215
72
103
65
120
245
43
239
134
75
209
239
169
123
141
53
58
85
196
123
154
218
139
219
18
114
140
189
201
70
124
235
214
71
99
83
49
166
120
227
145
77
199
239
144
123
138
59
116
71
193
36
154
208
140
211
94
118
134
252
159
36
77
241
153
72
109
89
54
166
44
227
152
88
209
171
199
103
158
126
123
76
193
40
202
221
131
206
24
98
132
255
146
108
91
239
216
90
114
69
114
245
25
234
138
81
148
174
132
96
129
45
105
2
209
96
223
145
138
210
31
115
198
153
201
27
73
234
205
10
100
79
100
245
44
238
141
8
214
163
136
125
138
39
58
118
202
125
200
157
194
246
18
117
145
191
201
108
64
230
153
89
99
73
114
249
120
238
129
91
148
185
136
123
141
59
58
86
205
97
217
218
194
192
23
99
128
179
138
34
8
236
221
78
34
65
117
182
61
232
156
6
148
237
172
123
138
121
105
2
194
103
212
223
131
151
22
118
158
246
203
45
34
225
204
77
101
73
120
242
120
238
141
73
198
187
199
115
154
42
123
65
206
36
154
223
141
195
22
126
134
180
203
41
94
230
215
10
96
69
115
187
120
238
141
73
198
171
199
107
139
42
52
0
133
64
223
145
128
210
16
99
200
247
132
59
70
163
216
68
102
0
115
173
44
227
134
76
209
171
199
122
135
45
58
74
196
102
222
145
150
216
9
118
154
247
225
24
64
236
212
75
113
14
54
247
22
231
133
77
147
188
199
92
139
41
110
14
133
79
200
212
135
217
23
114
196
179
138
34
76
163
206
79
37
68
54
180
52
234
200
74
209
239
149
123
137
54
110
2
198
96
223
212
144
206
94
126
142
179
146
45
15
231
153
76
109
82
113
188
46
227
200
71
193
189
199
121
130
43
116
73
136
110
213
195
207
213
12
118
129
253
152
70
70
230
206
10
110
69
119
177
61
244
196
8
220
170
149
119
192
124
16
118
205
103
215
208
145
151
12
114
137
240
131
41
76
163
214
95
118
0
119
187
60
166
155
64
219
160
140
50
154
54
127
2
199
103
195
150
145
151
22
118
134
247
203
97
8
235
220
10
113
69
115
184
61
226
200
73
148
163
136
102
206
48
115
65
192
122
154
197
138
214
16
55
169
255
137
53
6
163
247
79
117
84
54
162
57
245
200
92
213
163
139
119
156
84
110
74
196
102
154
240
142
213
7
55
156
252
132
96
8
225
204
94
34
76
121
186
51
227
140
8
192
160
199
112
139
126
123
2
220
109
219
195
194
216
12
55
155
252
203
53
71
246
215
77
103
82
56
245
16
239
155
8
220
174
142
96
206
41
123
81
133
106
214
222
140
211
94
118
134
247
203
47
93
247
153
70
109
78
113
249
120
229
137
91
215
174
131
123
128
57
16
77
211
109
200
145
138
222
13
55
188
190
152
36
65
241
205
4
34
118
115
188
54
245
200
91
192
186
132
121
206
49
111
86
133
103
220
145
138
222
13
55
133
230
152
47
68
230
221
10
99
82
123
166
118
140
202
120
221
191
130
50
135
42
54
2
214
96
207
210
137
154
24
118
139
246
199
110
8
194
213
72
123
0
113
167
45
232
156
77
208
227
199
98
155
50
118
75
203
111
154
255
135
192
10
55
140
252
156
34
8
247
214
10
113
73
98
245
54
227
144
92
148
187
136
50
134
55
119
12
133
42
251
197
194
219
27
118
155
231
203
36
77
163
218
75
108
42
99
187
60
227
154
91
192
174
137
118
206
54
123
78
195
40
215
200
194
192
17
101
140
224
197
110
8
215
209
79
112
69
54
162
61
244
141
8
213
239
129
119
153
126
105
65
196
124
206
212
144
210
26
55
132
242
158
43
64
240
149
10
99
78
114
245
44
238
141
70
148
170
145
119
156
39
117
76
192
40
221
208
150
223
27
101
141
247
203
46
77
235
208
68
102
42
87
185
58
255
200
73
218
171
199
92
139
41
110
14
133
120
219
210
137
222
16
112
200
250
133
108
77
245
220
68
34
84
127
178
48
242
141
90
152
239
144
115
135
42
115
76
194
40
206
222
194
223
27
118
154
179
156
36
73
247
153
94
106
69
111
245
43
231
129
76
154
